B8  77  AD  BA  62  6B  BF  6E  89  D8  52  5D  C4  95  9B  74  8F  AB  B5  9F  
E3   0  
FE  1E  DF  C9  16  4B  DC   6  E8  B4  3E  38  AA  F2  FE  54  EB  C4  C2  F1  
C2   0  
57  32  5E  32  12  76  19  77  12  33  13  4A  25  50  70  11  63   6  26  52  
20  55  39  40  60   F  61  41  35  5D  38  18  68   9  7D  15  35  5A  3C  1C  
7B   9  6C   D  79  17  72   1  72  53   0  
31  32  38  64  37  37  64  66  38  38  63  37  37  36  32  62  65  31  34  35  
36  65  66  31  35  31  35  39  31  66  36  65  31  64  63  39  65  66  66  39  
30  34  62  65  62  31  32  65  65  36  66  64  32  34  30  31  62  39  36  37  
31  62  32  30  35  32  63  34  38  62   0  
35  61  65  63  31  62  62  39  66  66  61  36  30  66  30  62  39  35  32  64  
30  62  38  33  33  34  37  38  33  66  32  31  36  66  65  39  39  63  39  36  
32  34  63  37  64  65  35  62  63  31  39  39  30  34  37  35  64  31  30  65  
37  35  34  62  37  63  65  61  61  35   0  
4A  56  51  57  34  4C  42  41  4F  52  55  47  43  35  42  41  4F  35  51  58  
47  49  44  50  4E  5A  53  53  41  35  33  46  4E  46  5A  47  49  49  44  46  
4E  5A  52  57  36  5A  44  4A  4E  5A  54  53  34  49  43  58  4E  42  58  53  
41  35  4C  54  4D  56  5A  53  41  35  44  49  4E  46  5A  53  41  35  44  49  
4E  46  58  47  4F  4C  42  41  4D  46  58  48  53  35  33  42  50  45  37  51  
3D  3D  3D  3D   0  
DA  E6  E7  FD  AE  EF  ED  E6  E7  EB  F8  EB  E3  EB  E0  FA  AE  ED  EF  E2  
E2  FD  AE  E8  E1  FC  AE  E1  E0  EB  AE  E1  E8  AE  E3  F7  AE  E8  EF  F8  
E1  FC  E7  FA  EB  AE  FF  FB  E1  FA  EB  FD  B4  AE  CB  FA  AE  FA  FB  A2  
AE  CC  FC  FB  FA  EB  E8  E1  FC  ED  EB  B1   0  
67  79  63  79  69  63  6B  79  20  73  20  78  63  69  63  71  68  63  74  67  
69  2E  74  63  6B  67  63  77  67  64  7A  63  71  63  64  73  20  6B  6B  7A  
63  66  67  2E  74  63  20  2E  74  66  69  6C  79  63  6B  20  62  6B  63  69  
2E  63  67  73  65  20  73  63  75  67  73  69  6B  63  6B  67  63  72  20  63  
6C  6B  71  6B  69  6C  6B  69  77  71  66  66  7A  63  73  20  66  20  6A  71  
2E  6B  63  75  67  73  63  6B  79  69  6C  63  6B  71  6C  70  63  71  2E  65  
63  79  71  6A  20  63  6B  79  20  63  64  73  67  64  20  73  63  66  20  6B  
6B  20  73  63  65  69  6C  6B  73  69  72  6D  6B  69  67  2E  78  6B  79  20  
6C  20  63  71  73  20  63  6B  6E  67  63  67  75  63  68  7A  63  75  71  6A  
67  73  69  6B  20  63  76  20  2E  63  70  67  71  2E  6C  63  75  67  73  63  
64  73  67  74  73  71  68  68  20  73  6C  78  63  7A  67  6D  63  77  71  2E  
63  75  69  2E  65  63  68  67  73  20  63  71  6B  63  6B  79  20  77  67  65  
20  66  20  6C  6C  77  67  65  20  78  77  67  68  78  63  20  2E  6F  67  7A  
78  75  69  73  6C  6B  63  67  2E  20  78  63  71  63  2E  67  6A  69  77  20  
63  6C  6B  6D  65  69  20  65  63  6B  79  20  63  6F  71  6A  71  63  68  71  
6C  6B  20  73  6C  63  77  67  65  20  63  71  2E  65  63  71  65  67  64  6B  
20  65  63  6B  79  20  63  68  71  6C  6B  20  73  6C  63  6C  6B  7A  66  20  
63  6B  67  63  71  2E  63  20  62  71  77  6B  69  2E  74  63  65  20  74  73  
20  20  78  6B  79  20  63  65  20  6C  69  74  2E  63  64  71  6B  6B  20  73  
2E  6C  63  20  68  64  66  67  7A  20  65  63  6B  79  20  63  2E  71  68  69  
2E  74  63  77  67  2E  6A  20  2E  6B  69  67  2E  6C  63  75  67  73  63  6A  
71  73  69  71  72  66  20  6C  63  6B  79  20  63  2E  6D  68  72  20  73  63  
67  75  6C  64  71  77  20  6C  63  6D  6C  20  65  63  6B  67  63  69  2E  65  
20  2E  6B  63  20  71  77  79  63  2E  20  6C  6B  20  65  63  72  66  67  77  
70  78  63  20  6A  20  2E  63  6B  79  20  63  77  67  68  68  20  2E  6B  6C  
63  6E  20  73  20  63  6E  73  69  6B  6B  20  2E  63  69  2E  63  71  2E  69  
68  64  73  20  6C  6C  69  6A  20  63  69  68  69  6B  71  6B  69  67  2E  63  
67  75  63  6B  79  20  63  68  71  6C  6B  20  73  6C  63  67  6E  2E  63  6A  
67  69  77  20  78  63  65  6D  73  69  2E  74  63  79  69  6C  63  2E  20  62  
6B  63  77  67  65  20  63  73  20  6A  69  20  6E  63  6B  79  20  2E  67  6A  
69  77  20  63  6E  71  6C  63  6C  6D  73  64  73  69  6C  20  65  63  6B  67  
63  75  69  2E  65  63  6B  79  20  63  6F  71  6A  71  63  68  71  6C  6B  20  
73  63  6B  73  20  68  20  2E  65  67  6D  6C  66  7A  63  65  69  6C  64  66  
20  71  6C  20  65  78  63  72  6D  6B  63  68  71  6C  6B  20  73  63  64  73  
67  6B  20  6C  6B  20  65  63  6B  79  20  63  6C  6B  6D  65  20  2E  6B  78  
69  63  79  71  6A  20  63  75  67  66  66  67  6E  20  65  63  7A  67  6D  73  
63  20  62  71  68  64  66  20  63  65  67  6E  2E  63  6B  67  63  6B  79  20  
63  75  69  2E  71  66  63  6C  20  68  69  77  67  66  67  2E  78  63  6C  20  
20  63  79  20  73  20  63  69  6C  63  71  63  6D  6B  69  66  69  6B  7A  77  
66  71  6C  6C  63  7A  67  6D  63  6E  73  67  6B  20  63  67  2E  66  7A  63  
66  71  6C  6B  63  68  67  2E  6B  79  78  63  69  6C  63  69  6B  63  2E  67  
6B  63  71  6C  63  66  69  70  20  63  6B  67  63  68  7A  63  67  6E  2E  63  
77  67  65  20  63  71  6C  63  6B  6E  67  63  20  74  74  6C  75  73  67  68  
63  6B  79  20  63  6C  71  68  20  63  77  66  6D  6B  77  79  78  63  71  2E  
65  63  6B  79  20  73  20  69  2E  63  66  69  20  6C  63  6B  79  20  63  64  
73  67  72  66  20  68  63  6C  77  67  6E  66  20  65  63  6B  79  20  63  68  
71  6C  6B  20  73  78  63  7A  20  6C  6B  20  73  65  71  7A  63  69  63  6E  
71  6C  63  71  63  75  67  67  66  6B  79  20  63  6E  20  20  70  63  72  20  
75  67  73  20  63  71  2E  63  69  65  69  67  6B  63  71  2E  65  63  66  71  
6C  6B  63  68  67  2E  6B  79  63  71  2E  63  69  68  72  20  77  69  66  20  
78  63  65  67  2E  6B  63  6C  79  67  6E  63  68  20  63  77  67  65  20  63  
69  63  68  69  74  79  6B  79  71  6A  20  63  6E  73  69  6B  6B  20  2E  63  
7A  20  6C  6B  20  73  65  71  7A  78  63  6C  79  67  6E  63  68  20  63  77  
67  65  20  63  71  6C  63  69  63  6E  69  66  66  63  6E  73  69  6B  20  63  
69  6B  63  6B  67  68  67  73  73  67  6E  78  6C  20  77  67  2E  65  63  67  
2E  20  78  63  6B  79  20  63  2E  6D  2E  63  6C  71  6B  67  6D  63  71  64  
64  73  67  71  77  79  20  65  63  68  71  6C  6B  20  73  63  70  71  69  68  
6D  63  71  2E  65  63  6C  71  69  65  63  68  7A  63  68  71  6C  6B  20  73  
63  6C  64  67  70  20  63  67  75  63  71  75  69  73  6C  6B  63  68  71  2E  
6B  73  71  63  6E  79  69  77  79  63  68  6D  6C  6B  63  74  6D  69  65  20  
63  6B  79  20  63  6B  79  67  6D  74  79  6B  6C  63  67  75  63  6B  20  68  
64  66  20  63  65  20  6A  20  66  67  64  20  73  6C  63  71  6B  63  71  66  
66  63  6B  69  68  20  6C  78  63  6E  79  71  6B  63  69  6C  63  6B  79  69  
6C  63  68  71  2E  6B  73  71  78  70  71  69  68  6D  63  71  2E  6C  6E  20  
73  20  65  63  69  63  77  73  20  71  6B  20  78  63  6B  79  20  63  20  6C  
6C  20  2E  77  20  63  67  75  63  65  20  6A  20  66  67  64  20  73  63  2E  
71  6B  6D  73  20  63  69  6C  63  6B  67  63  72  20  63  71  66  6E  71  7A  
6C  63  69  2E  63  6B  79  20  64  73  67  77  20  6C  6C  63  67  75  63  77  
73  20  71  6B  69  67  2E  63  6E  79  20  2E  63  67  2E  20  63  69  6C  63  
71  6B  63  71  63  70  20  7A  72  67  71  73  65  78  63  6C  71  6B  67  6D  
63  71  73  77  79  20  65  63  71  2E  63  20  7A  20  72  73  67  6E  63  6C  
6D  6C  64  69  77  69  67  6D  6C  66  7A  71  2E  65  63  71  6C  70  20  65  
63  69  75  63  69  63  68  20  73  20  66  7A  63  75  69  62  63  65  20  75  
20  77  6B  6C  63  6E  79  71  6B  63  71  68  63  69  63  77  73  20  71  6B  
69  2E  74  78  63  70  71  69  68  6D  63  71  2E  6C  6E  20  73  20  65  63  
79  71  73  68  67  2E  7A  78  6C  71  6B  67  6D  63  71  6C  70  20  65  63  
69  75  63  69  63  73  20  75  71  77  6B  67  73  63  7A  20  6B  63  64  73  
20  6C  20  73  6A  20  63  72  20  79  71  6A  69  67  73  63  6E  79  71  6B  
63  71  68  63  69  63  77  73  20  71  6B  69  2E  74  78  70  71  69  68  6D  
63  71  2E  6C  6E  20  73  20  65  63  67  73  65  20  73  78  6C  71  6B  67  
6D  63  71  6C  70  20  65  63  69  75  63  69  63  65  20  66  20  6B  20  63  
71  2E  63  6D  2E  6D  6C  20  65  63  64  73  67  6F  20  77  6B  63  6E  79  
71  6B  63  71  68  63  69  63  77  73  20  71  6B  69  2E  74  78  70  71  69  
68  6D  63  71  2E  6C  6E  20  73  20  65  63  65  69  6C  70  63  6C  64  71  
77  20  78  6C  71  6B  67  6D  63  71  6C  70  20  65  63  69  75  63  69  63  
65  67  63  2E  67  6B  79  69  2E  74  63  72  6D  6B  63  72  73  67  6E  6C  
20  63  6B  79  20  63  6E  20  72  63  6E  79  71  6B  63  71  68  63  69  63  
77  73  20  71  6B  69  2E  74  78  70  71  69  68  6D  63  71  2E  6C  6E  20  
73  20  65  63  68  69  6C  6C  20  65  63  65  20  71  65  66  69  2E  20  6C  
63  71  2E  65  63  71  63  6F  67  72  63  67  64  20  2E  69  2E  74  78  6B  
79  71  6B  63  69  6C  63  71  66  66  78  63  77  67  2E  74  73  71  6B  6D  
66  71  6B  69  67  2E  6C  63  67  2E  63  71  63  6F  67  72  63  6E  20  66  
66  63  65  67  2E  20   0  

